# GIMP colorrc
# 
# This file holds a list of recently used colors.

(color-history
    (color-rgba 0 0 0 1)
    (color-rgba 0.48627454042434692 0.29411765933036804 0.57254904508590698 1)
    (color-rgba 0.29411765933036804 0.57254904508590698 0.3490196168422699 1)
    (color-rgba 0.57254904508590698 0.29411765933036804 0.40392160415649414 1)
    (color-rgba 0.094117656350135803 0.11372549831867218 0.20784315466880798 1)
    (color-rgba 0.29411765933036804 0.38823533058166504 0.57254904508590698 1)
    (color-rgba 0.85882365703582764 0.85882365703582764 0.86666673421859741 1)
    (color-rgba 0.44808743169398912 0.40554748564709142 0.40554748564709142 1)
    (color-rgba 0.68852459016393441 0.68852459016393441 0.68852459016393441 1)
    (color-rgba 0.4901961088180542 0.29411765933036804 0.56470590829849243 1)
    (color-rgba 0.093311198727260139 0.11205530930050332 0.20765027322404372 1)
    (color-rgba 0.2941176593303681 0.57254904508590698 0.3488910466921134 1)
    (color-rgba 0.57254904508590698 0.2941176593303681 0.40366443405385866 1)
    (color-rgba 0.4866750125017435 0.29414816351940237 0.57377049180327866 1)
    (color-rgba 0.29414816351940237 0.38735560628069465 0.57377049180327866 1)
    (color-rgba 0.69174102510894375 0.78356505499066198 0.96721311475409832 1)
    (color-rgba 0.85490202903747559 0.85882359743118286 0.86666673421859741 1)
    (color-rgba 0.83137261867523193 0.81960791349411011 0.84313732385635376 1)
    (color-rgba 0.89803928136825562 0.89411771297454834 0.90196084976196289 1)
    (color-rgba 0.76078438758850098 0.76078438758850098 0.7882353663444519 1)
    (color-rgba 0.7450980544090271 0.74117648601531982 0.78039222955703735 1)
    (color-rgba 0.93725496530532837 0.93725496530532837 0.93725496530532837 1)
    (color-rgba 0.82745105028152466 0.83137261867523193 0.84313732385635376 1)
    (color-rgba 0.72549021244049072 0.729411780834198 0.75294125080108643 1)
    (color-rgba 0.70588237047195435 0.70588237047195435 0.72549021244049072 1)
    (color-rgba 0.94117653369903564 0.94117653369903564 0.94117653369903564 1)
    (color-rgba 0.67202739157501556 0.67202739157501556 0.69398907103825136 1)
    (color-rgba 0.59483295289479143 0.59483295289479143 0.63934426229508201 1)
    (color-rgba 0.29803922772407532 0.30980393290519714 0.32549020648002625 1)
    (color-rgba 0.39686656982776514 0.40242492514748174 0.4098360655737705 1)
    (color-rgba 0.29411765933036804 0.30588236451148987 0.32156863808631897 1)
    (color-rgba 0.79373313965553027 0.80670263540153564 0.81967213114754101 1)
    (color-rgba 0.42352944612503052 0.43921571969985962 0.45490199327468872 1)
    (color-rgba 0.69803923368453979 0.71764707565307617 0.73725491762161255 1)
    (color-rgba 0.70588237047195435 0.70588237047195435 0.70588237047195435 1)
    (color-rgba 0.32156863808631897 0.3333333432674408 0.32549020648002625 1)
    (color-rgba 0.7450980544090271 0.7450980544090271 0.78431379795074463 1)
    (color-rgba 0.87058830261230469 0.87058830261230469 0.88627457618713379 1)
    (color-rgba 0.70588237047195435 0.70588237047195435 0.74117648601531982 1)
    (color-rgba 0.83137261867523193 0.81960791349411011 0.83529418706893921 1)
    (color-rgba 0.74117648601531982 0.74117648601531982 0.78039222955703735 1)
    (color-rgba 0.83137261867523193 0.82352948188781738 0.83137261867523193 1)
    (color-rgba 0.89803928136825562 0.89803928136825562 0.90196084976196289 1)
    (color-rgba 0.82352948188781738 0.81176477670669556 0.81960791349411011 1)
    (color-rgba 0.63118212630559589 0.63118212630559589 0.68306010928961747 1)
    (color-rgba 0.74157847409559385 0.76943118673768196 0.82513661202185795 1)
    (color-rgba 0.92156869173049927 0.92156869173049927 0.92549026012420654 1)
    (color-rgba 0.30980393290519714 0.34509804844856262 0.32156863808631897 1)
    (color-rgba 0.40784317255020142 0.43529415130615234 0.47058826684951782 1)
    (color-rgba 0.20784315466880798 0.27450981736183167 0.64705884456634521 1)
    (color-rgba 0.47843140363693237 0.65098041296005249 0.75294125080108643 1)
    (color-rgba 0.75294125080108643 0.47843140363693237 0.72244015667173611 1)
    (color-rgba 0.20784315466880798 0.27450981736183167 0.63921570777893066 1)
    (color-rgba 0.18039216101169586 0.28235295414924622 0.34117648005485535 1)
    (color-rgba 0.47663697452726994 0.65194638819026396 0.75308641975308643 1)
    (color-rgba 0.44147523050476639 0.69753086419753085 0.52682710840235447 1)
    (color-rgba 0.66274511814117432 0.20784315466880798 0.37254902720451355 1)
    (color-rgba 0.20784315466880798 0.27450981736183167 0.66274511814117432 1)
    (color-rgba 0.18823531270027161 0.1098039299249649 0.4901961088180542 1)
    (color-rgba 0.39357712142522272 0.46440139305265099 0.85185185185185186 1)
    (color-rgba 0.18049695264885135 0.28061386906518948 0.33950617283950613 1)
    (color-rgba 0.11764706671237946 0.20392158627510071 0.31372550129890442 1)
    (color-rgba 0.18727752600232692 0.1474449132676981 0.68518518518518512 1)
    (color-rgba 0.18153878210137006 0.16643225503984996 0.37037037037037035 1)
    (color-rgba 0.55686277151107788 0.21568629145622253 0.21568629145622253 1)
    (color-rgba 0.77160493827160492 0.6457172127589379 0.34673386466635409 1)
    (color-rgba 0.49803924560546875 0.23529413342475891 0.25098040699958801 1)
    (color-rgba 0.4901961088180542 0.23529413342475891 0.25490197539329529 1)
    (color-rgba 0.55555555555555558 0.21448663853727143 0.21448663853727143 1)
    (color-rgba 0.33950617283950613 0.18049695264885135 0.18049695264885135 1)
    (color-rgba 0.27450981736183167 0.26666668057441711 0.43921571969985962 1)
    (color-rgba 0.16122005217605168 0.31372550129890442 0.11764706671237944 1)
    (color-rgba 0.41176474094390869 0.43137258291244507 0.45490199327468872 1)
    (color-rgba 0.72839506172839508 0.35497734020940774 0.72839506172839508 1)
    (color-rgba 0.25098040699958801 0.46666669845581055 0.59215688705444336 1)
    (color-rgba 0.23137256503105164 0.25098040699958801 0.27843138575553894 1)
    (color-rgba 0.69803923368453979 0.65098041296005249 0.28235295414924622 1)
    (color-rgba 0.23206751054852323 0.25069021201229363 0.27777777777777779 1)
    (color-rgba 0.05414908579465541 0.11507874494278621 0.20370370370370372 1)
    (color-rgba 0.69753086419753085 0.65142122901147748 0.28254414752305052 1)
    (color-rgba 0.59259259259259256 0.56731086454480739 0.25128926394749179 1)
    (color-rgba 0.59259259259259256 0.31449358406695499 0.25128926394749179 1)
    (color-rgba 0.25128926394749179 0.46618395235366622 0.59259259259259256 1)
    (color-rgba 0.65490198135375977 0.33536675682774286 0.22352942824363708 1)
    (color-rgba 0.70370370370370372 0.33651091316351528 0.2315986872948898 1)
    (color-rgba 0.70370370370370372 0.24908405827299412 0.2315986872948898 1)
    (color-rgba 0.65490198135375977 0.22352942824363708 0.27058824896812439 1)
    (color-rgba 0.41053289576496332 0.43088607791796907 0.45679012345679015 1)
    (color-rgba 0.27282249339276587 0.26629160806375995 0.43827160493827155 1)
    (color-rgba 0.24683544303797467 0.25760840116678224 0.5 1)
    (color-rgba 0.10603219253008284 0.11360318810393928 0.28395061728395066 1)
    (color-rgba 0.095718080950148457 0.11003215031574 0.4320987654320988 1)
    (color-rgba 0.37647062540054321 0.364705890417099 0.73725491762161255 1)
    (color-rgba 0.27953586497890298 0.3000468823253632 0.83333333333333337 1)
    (color-rgba 0.41658071387939311 0.4043600562587904 0.70987654320987659 1)
    (color-rgba 0.23622180549044125 0.13263791217377713 0.59876543209876543 1)
    (color-rgba 0.1903382821957138 0.16471323644319427 0.83950617283950613 1)
    (color-rgba 0.39855185706099916 0.38396624472573837 0.77777777777777779 1)
    (color-rgba 0.20693048103581005 0.19542115955618064 0.50617283950617287 1)
    (color-rgba 0.19680447755146926 0.18846694796061883 0.4135802469135802 1)
    (color-rgba 0.28129395218002801 0.19045944678856067 0.46296296296296291 1)
    (color-rgba 0.65432098765432101 0.22362869198312241 0.27148339150214429 1)
    (color-rgba 0.364705890417099 0.7882353663444519 0.63137257099151611 1)
    (color-rgba 0.190139183769757 0.76543209876543217 0.7228178087657523 1)
    (color-rgba 0.36505704016252538 0.79012345679012341 0.63269145063175358 1)
    (color-rgba 0.87037037037037035 0.16631280962491149 0.66176072274208597 1)
    (color-rgba 0.1120096890139084 0.29012345679012341 0.27033303814832182 1)
    (color-rgba 0.03529411926865577 0.24705883860588074 0.22352942534618916 1)
    (color-rgba 0.86419753086419759 0.38894966227361943 0.10939209251445541 1)
    (color-rgba 0.86419753086419759 0.10939209251445541 0.36099390529770325 1)
    (color-rgba 0.24691358024691357 0.03302665723047888 0.23899184235741613 1)
    (color-rgba 0.76543209876543217 0.190139183769757 0.658896373766233 1)
    (color-rgba 0.14107100731304556 0.27336694247129095 0.28395061728395066 1)
    (color-rgba 0.13191004167649603 0.32412868164224606 0.33950617283950613 1)
    (color-rgba 0.064873790988440663 0.38203454693192829 0.40740740740740744 1)
    (color-rgba 0.16078431904315948 0.047058828175067902 0.48235297203063965 1)
    (color-rgba 1 1 1 1)
    (color-rgba 0.15983741068948987 0.047261985912292657 0.48148148148148151 1)
    (color-rgba 0.16470588743686676 0.047058828175067902 0.48235297203063965 1)
    (color-rgba 0.063180833503052036 0.48235297203063965 0.047058828175067895 1)
    (color-rgba 0.48235297203063965 0.047058828175067902 0.23921570181846619 1)
    (color-rgba 0.42352944612503052 0.047058828175067902 0.32941177487373352 1)
    (color-rgba 0.48148148148148151 0.047261985912292657 0.24024842838748781 1)
    (color-rgba 0.16675082262448773 0.15678254942058623 0.42592592592592593 1)
    (color-rgba 0.45098042488098145 0.364705890417099 0.76078438758850098 1)
    (color-rgba 0.76078438758850098 0.36470589041709905 0.37937546438641034 1)
    (color-rgba 0.7592592592592593 0.36332651670074984 0.36332651670074984 1)
    (color-rgba 0.45131157060264093 0.36332651670074984 0.7592592592592593 1)
    (color-rgba 0.047261985912292657 0.047261985912292657 0.48148148148148151 1)
    (color-rgba 0.85969097932288108 0.85969097932288108 0.87037037037037035 1)
    (color-rgba 0.47058838605880737 0.47058838605880737 0.4784315824508667 1)
    (color-rgba 0.46050140119669769 0.46178057175557741 0.46913580246913578 1)
    (color-rgba 0.19607843458652496 0.20784313976764679 0.23529411852359772 1)
    (color-rgba 0.27058824896812439 0.28235295414924622 0.32549020648002625 1)
    (color-rgba 0.38431373238563538 0.40392157435417175 0.47450980544090271 1)
    (color-rgba 0.38491251988184505 0.40428311747330153 0.47530864197530864 1)
    (color-rgba 0.2689540256002424 0.28404459143685079 0.3271604938271605 1)
    (color-rgba 0.19715216238733627 0.20685253912550744 0.23456790123456794 1)
    (color-rgba 0.23517382413087937 0.24306344517660131 0.27777777777777779 1)
    (color-rgba 0.21960785984992981 0.15686275064945221 0.72156864404678345 1)
    (color-rgba 0.22414839533034683 0.22048019389532683 0.25308641975308643 1)
    (color-rgba 0.21960785984992981 0.18823531270027161 0.58039218187332153 1)
    (color-rgba 0.21888209010265278 0.15507839127471026 0.72222222222222221 1)
    (color-rgba 0.11203231526922423 0.069113080360524132 0.45061728395061729 1)
    (color-rgba 0.081243846279100515 0.080587745209422149 0.086419753086419804 1)
    (color-rgba 0.38039219379425049 0.30980393290519714 0.93725496530532837 1)
    (color-rgba 0.80594183171655331 0.804817087025676 0.81481481481481488 1)
    (color-rgba 0.7057856194577915 0.69665985003408326 0.77777777777777779 1)
    (color-rgba 0.34509804844856262 0.13333334028720856 0.13333334028720856 1)
    (color-rgba 0.86666673421859741 0.30980393290519714 0.93725496530532837 1)
    (color-rgba 0.66666668653488159 0.42352944612503052 0.16078431904315948 1)
    (color-rgba 0.68235296010971069 0.65882354974746704 0.56470590829849243 1)
    (color-rgba 0.14117647707462311 0.058823533356189728 0.0078431377187371254 1)
    (color-rgba 0.34509804844856262 0.14117647707462311 0.019607843831181526 1)
    (color-rgba 0.25098040699958801 0.10196079313755035 0.011764707043766975 1)
    (color-rgba 0.67843139171600342 0.25490197539329529 0.20784315466880798 1)
    (color-rgba 0.43921571969985962 0.22352942824363708 0.17254902422428131 1)
    (color-rgba 0.49411767721176147 0.21568629145622253 0.16470588743686676 1)
    (color-rgba 0.16078431904315948 0.066666670143604279 0.0078431377187371254 1)
    (color-rgba 0.25490197539329529 0.10588236153125763 0.015686275437474251 1)
    (color-rgba 0.070588238537311554 0.078431375324726105 0.12549020349979401 1)
    (color-rgba 0.0039215688593685627 0.0039215688593685627 0.0039215688593685627 1)
    (color-rgba 0.06968113307581611 0.078285236895684923 0.12345679012345678 1)
    (color-rgba 0.13725490868091583 0.15686275064945221 0.22352942824363708 1)
    (color-rgba 0.98823535442352295 0.98823535442352295 0.98823535442352295 1)
    (color-rgba 0.58039218187332153 0.34509804844856262 0.20784315466880798 1)
    (color-rgba 0.43137258291244507 0.20392158627510071 0.15294118225574493 1)
    (color-rgba 0.3490196168422699 0.13725490868091583 0.13333334028720856 1)
    (color-rgba 0.67843139171600342 0.25098040699958801 0.20392158627510071 1)
    (color-rgba 0.76470595598220825 0.26666668057441711 0.22352942824363708 1)
    (color-rgba 0.77424322754929442 0.77777777777777779 0.73006134969325154 1)
    (color-rgba 0.22745099663734436 0.27843138575553894 0.30980393290519714 1)
    (color-rgba 0.36862745881080627 0.41176474094390869 0.55686277151107788 1)
    (color-rgba 0.61728395061728403 0.55547981519351664 0.35976671968492013 1)
    (color-rgba 0.30980393290519714 0.28627452254295349 0.21176472306251526 1)
    (color-rgba 0.30864197530864201 0.2867614262751732 0.21017950465803231 1)
    (color-rgba 0.33333333333333337 0.30152238127698255 0.19018404907975464 1)
    (color-rgba 0.42745101451873779 0.23529413342475891 0.18823531270027161 1)
    (color-rgba 0.52549022436141968 0.5215686559677124 0.4901961088180542 1)
    (color-rgba 0.43529415130615234 0.51764708757400513 0.61568629741668701 1)
    (color-rgba 0.54901963472366333 0.80392163991928101 0.81568634510040283 1)
    (color-rgba 0.22343406801484514 0.2739276427074655 0.30864197530864201 1)
    (color-rgba 0.52469135802469136 0.52337992768198027 0.48928273877149131 1)
    (color-rgba 0.5403317427857306 0.6402769133497328 0.7592592592592593 1)
    (color-rgba 0.33155343482541849 0.34585994765499423 0.52469135802469136 1)
    (color-rgba 0.33155343482541849 0.41972509541639091 0.52469135802469136 1)
    (color-rgba 0.4135802469135802 0.21510683598845379 0.16999924259637958 1)
    (color-rgba 0.53086419753086422 0.38937278564635991 0.30614254336135727 1)
    (color-rgba 0.30614254336135727 0.40873286374308876 0.53086419753086422 1)
    (color-rgba 0.5498750284026358 0.80500223013288219 0.81481481481481488 1)
    (color-rgba 0.5498750284026358 0.66762604458582653 0.81481481481481488 1)
    (color-rgba 0.43550708172385066 0.51629680123204325 0.61728395061728403 1)
    (color-rgba 0.70446110732409306 0.75076371531722597 0.80864197530864201 1)
    (color-rgba 0.43529415130615234 0.21176472306251526 0.15686275064945221 1)
    (color-rgba 0.34509804844856262 0.14117647707462311 0.062745101749897003 1)
    (color-rgba 0.32356282663031127 0.4406546211439038 0.54938271604938271 1)
    (color-rgba 0.13769597818677573 0.1564795879724305 0.22222222222222221 1)
    (color-rgba 0.7137255072593689 0.25882354378700256 0.21176472306251526 1)
    (color-rgba 0.65490198135375977 0.62745100259780884 0.5372549295425415 1)
    (color-rgba 0.64705884456634521 0.61568629741668701 0.52941179275512695 1)
    (color-rgba 0.69411766529083252 0.63529413938522339 0.54117649793624878 1)
    (color-rgba 0.86666673421859741 0.364705890417099 0.32156863808631897 1)
    (color-rgba 0.72156864404678345 0.25882354378700256 0.21176472306251526 1)
    (color-rgba 0.4745098352432251 0.21176472306251526 0.16078431904315948 1)
    (color-rgba 0.58431375026702881 0.34509804844856262 0.21176472306251526 1)
    (color-rgba 0.75294125080108643 0.26666668057441711 0.22352942824363708 1)
    (color-rgba 0.86274516582489014 0.36078432202339172 0.31764706969261169 1)
    (color-rgba 0.58823531866073608 0.3490196168422699 0.21568629145622253 1)
    (color-rgba 0.47058826684951782 0.24705883860588074 0.11372549831867218 1)
    (color-rgba 0.66666666666666674 0.42247973945315481 0.15950920245398773 1)
    (color-rgba 0.61111111111111116 0.42518114569920989 0.22494887525562374 1)
    (color-rgba 0.87037037037037035 0.36204753260778766 0.32038173142467619 1)
    (color-rgba 0.60784316062927246 0.56862747669219971 0.47843140363693237 1)
    (color-rgba 0.61568629741668701 0.57647061347961426 0.48627454042434692 1)
    (color-rgba 0.76470595598220825 0.26666668057441711 0.22745099663734436 1)
    (color-rgba 0.7137255072593689 0.38431376218795776 0.29019609093666077 1)
    (color-rgba 0.93827160493827155 0.45802241838271335 0.42020752859198662 1)
    (color-rgba 0.94444444444444442 0.34286914760116627 0.29550102249488747 1)
    (color-rgba 0.14197530864197527 0.058483879775398706 0.0087101416344770068 1)
    (color-rgba 0.34567901234567899 0.13360599863667347 0.13360599863667347 1)
    (color-rgba 0.4320987654320988 0.20529845910441236 0.15375293493902906 1)
    (color-rgba 0.50980395078659058 0.28235295414924622 0.14901961386203766 1)
    (color-rgba 0.47843140363693237 0.24705883860588074 0.11372549831867218 1)
    (color-rgba 0.79012345679012341 0.33931682078321712 0.092100280239339527 1)
    (color-rgba 0.68235296010971069 0.31764706969261169 0.11764706671237946 1)
    (color-rgba 0.81960791349411011 0.7725490927696228 0.58823531866073608 1)
    (color-rgba 0.56078433990478516 0.32941177487373352 0.19215688109397888 1)
    (color-rgba 0.47058826684951782 0.24705883860588074 0.11764706671237946 1)
    (color-rgba 0.59215688705444336 0.54901963472366333 0.458823561668396 1)
    (color-rgba 0.73456790123456783 0.50686844431107392 0.37404377792925841 1)
    (color-rgba 0.56470590829849243 0.32941177487373352 0.19607844948768616 1)
    (color-rgba 0.57647061347961426 0.34117648005485535 0.20392158627510071 1)
    (color-rgba 0.47843140363693237 0.25490197539329529 0.12156863510608673 1)
    (color-rgba 0.81568634510040283 0.76862752437591553 0.58431375026702881 1)
    (color-rgba 0.67843139171600342 0.31372550129890442 0.11372549831867218 1)
    (color-rgba 0.46913580246913578 0.2455502432967806 0.11512535029917444 1)
    (color-rgba 0.82098765432098764 0.77464970082556994 0.58929788684389917 1)
    (color-rgba 0.59259259259259256 0.54775429826554567 0.45807770961145189 1)
    (color-rgba 0.76078438758850098 0.56078433990478516 0.44313728809356689 1)
    (color-rgba 0.76078438758850098 0.67843139171600342 0.44313728809356689 1)
    (color-rgba 0.70370370370370372 0.49983587337953284 0.37991365598727561 1)
    (color-rgba 0.7592592592592593 0.67713987561749434 0.44251306521245171 1)
    (color-rgba 0.7592592592592593 0.55920902210504675 0.44251306521245171 1)
    (color-rgba 0.68627452850341797 0.66274511814117432 0.56862747669219971 1)
    (color-rgba 0.70370370370370372 0.31379230173240136 0.086344012724380789 1)
    (color-rgba 0.76543209876543217 0.26540544937878896 0.2254033174278573 1)
    (color-rgba 0.68518518518518512 0.66338879210953738 0.56748466257668706 1)
    (color-rgba 0.62962962962962965 0.56453499625505998 0.27811860940695299 1)
    (color-rgba 0.58024691358024694 0.34490477753372573 0.20646822691812472 1)
    (color-rgba 0.34567901234567899 0.1400467346085767 0.019086571233810502 1)
    (color-rgba 0.56790123456790131 0.22568944768444904 0.024388396576535624 1)
    (color-rgba 0.080246913580246937 0.04366992911263156 0.022154055896387189 1)
    (color-rgba 0.54320987654320985 0.30968270398702885 0.25660834658789672 1)
    (color-rgba 0.52313111078041052 0.50806634855714605 0.64197530864197527 1)
    (color-rgba 0.19607844948768616 0.65490198135375977 0.16078431904315948 1)
    (color-rgba 0.4453125 0.69737756252288818 0.4609375 1))

# end of colorrc
